Answers:
1. 单进程编程所写的程序是顺序执行的，彼此之间有严格的执行逻辑；在没有其他程序的干扰下，数据是同步的，而多进程编程所写的程序是同时执行的，虽然共享文件等，但是由于多个进程之间执行顺序无法得知，故而要考虑进程之间的关系和影响，尤其是数据异步，程序员要做好进程之间同步，通信，互斥等。相比较而言，多进程编程比单进程编程复杂得多，但是用途广泛得多。

2. 在include/linux/sched.h中修改#define INIT_TASK宏定义中counter和priority数值
原始时间片为15，修改了两次时间片，分别为10和20，结果如下：

时间片10
(Unit: tick)
Process   Turnaround   Waiting   CPU Burst   I/O Burst
      7         2298        97           0        2200
      8         2319      1687         200         432
      9         2368      2098         270           0
     10         2358      2087         270           0
     11         2347      2076         270           0
     12         2336      2066         270           0
     13         2326      2055         270           0
     14         2315      2044         270           0
     15         2304      2034         270           0
     16         2292      2021         270           0
Average:     2326.30   1826.50
Throughout: 0.42/s

时间片15
(Unit: tick)
Process   Turnaround   Waiting   CPU Burst   I/O Burst
      7         2247       142           0        2105
      8         2202      1686         200         315
      9         2246      1991         255           0
     10         2230      1975         255           0
     11         2215      1959         255           0
     12         2199      1944         255           0
     13         2183      1928         255           0
     14         2168      1912         255           0
     15         2152      1897         255           0
     16         2137      1881         255           0
Average:     2197.90   1731.50
Throughout: 0.45/s

时间片20
(Unit: tick)
Process   Turnaround   Waiting   CPU Burst   I/O Burst
      7         2587       187           0        2400
      8         2567      1766         200         600
      9         2608      2308         300           0
     10         2585      2285         300           0
     11         2565      2264         300           0
     12         2544      2244         300           0
     13         2523      2223         300           0
     14         2503      2202         300           0
     15         2482      2182         300           0
     16         2461      2161         300           0
Average:     2542.50   1982.20
Throughout: 0.38/s

时间片变小，进程因时间片到时产生的进程调度次数变多，该进程等待时间越长。
然而随着时间片增大，进程因中断或者睡眠进入的进程调度次数也增多，等待时间随之变长。
故而需要设置合理的时间片，既不能过大，也不能过小。
